07418	
17231	
17202
08500	
11020	
18310	
12438	
12706	
12703	
17204	
12734	
12723	
12708	
17255	
22203	
18509	
19202	
22693	
17058	
17222	
17006	
22204	
12214	
19714	
12590	
22679	
17002	
18503	
12763	
12719	
18504	
12747	
12792	
19713	
17256	
57652
18112	
17035
12771	
12591	
12776	
17020	
17037	
12513	
22692	
12025	
12737
17208	
17233	
57626	
12026	
12514	
57563	
15016	
12713	
12739	
12805	
22680	
17024	






































	

